0 31917286809818793201644399359 216
20.109270421434562 9960431143118031202672818832 180
41.74354101390395 57580186843927000254783517272 158
64.42621613349633 101798662593533501706465625054 189
86.43764910664848 3800571835498145894827562033 147
103.42182348701657 32306259830689346855392361178 480
156.44514978127302 59671050506106252841779814540 201
182.4895077198152 65279503118157617627867919450 193
205.33131055728578 14859368645422606376248836021 423
245.6896140936634 122588477549395588343741552744 220
272.842549899127 82599795241593058043212676643 192
293.4894496293121 43063566935224172520118165393 254
320.3400598587333 84606281523329356696854557273 253
359.80075531613045 92674067060965330893269473280 178
379.28718976947454 129186493414325056469183109543 168
398.50837644408637 129186493414325056469183109543 206
422.45607528439837 27373289783722828200436779061 269
448.05219938556934 78353768629351620091557057584 223
478.8375586711792 118722972957620924354826687454 223
502.810817480786 89786227882689924051644437667 272
536.7241841052593 47149692782393328879631112875 209
563.0532562458616 109358339700090156022286276116 141
578.6861037196128 31234977125225264888413695932 230
606.399245681573 114403808534455962462179728241 1220
743.8216587788644 52451204309089425412753843530 362
785.1060545149634 50718300956720335595780970600 182
801.4751342147114 12598363765628545708195146597 213
831.7850164372046 30119674931023047080985737872 383
874.5712374479243 24816594989243533107118959997 209
894.217964076812 24816594989243533107118959997 215
931.298411705218 53986930842044166662582867525 207
950.7160437205896 53986930842044166662582867525 205
977.8563580124146 108148998698140265142669890527 181
997.941157621991 124361687220994879194965052847 181
1014.3356627571401 124020723015994206931162252262 158
1030.8517082313047 67694059615017702153093942233 177
1049.2359185516248 38584494479262438997362007067 182
1079.6605927408034 116743550330701391734798291415 239
1102.255161018255 44475269452606421264291922055 197
1126.8515389783606 28835939988299126933010049790 196
1152.5860004049246 75639542717039548686635758309 201
1175.2932166762048 71886264023693616249108525835 252
1201.2535229530176 125596412373692237762576229661 179
1224.5147135190964 52265392323681462898396996922 1277
1363.1350777580228 23089196173760291520358470622 342
1413.3787053540561 52780418305934888798646944491 121
1432.0033975304807 87046413301093521136650089048 242
1457.81579346831 53546885076979508564413235946 1186
1571.1943537082254 31234977125225264888413695932 175
1595.6362794022752 34662796406354643259361688113 1318
1764.1853260411476 34105138982802744543849115345 209
1782.0746680245334 4676703269358731486181562368 394
1818.0762960447173 1230194341168546227586745270 196
1864.4823192013384 8234830599982852560751208007 146
1877.8843269350577 26871802042957928991143761347 117
1889.510798310705 91202037524042420812709969842 261
1913.8708323941933 128603886912754502221728112115 503
1965.8189324926097 47006688711513478321593172183 161
1997.0085234844587 5237663282723412258650596999 211
2024.1788885183496 5237663282723412258650596999 204
2048.7015431611762 24316627667495120781435060971 166
2065.959767735066 125051770351982215711915550279 194
2082.7055587294103 75073394554414853469222473923 176
2109.7069324320605 5237663271264834822808571766 279
2138.8924299560526 121668720616035164194462766128 198
2167.174453643272 114403808534455962462179728241 1304
2282.972104546516 114403808534455962462179728241 211
2302.1944915935164 114403808534455962462179728241 1175
2414.282377261622 83589837869332851126807948023 305
2494.058237114279 83874804384765400261350506779 186
2522.0144756094264 99581641537890831502089469875 236
2553.9907744960506 48094900882939202478041777118 175
2584.4537083895602 88836541505341178305648112990 426
2627.8335700751013 120588528828651187750712407595 1121
2731.947663075498 126984150491071462307998228391 191
2754.4372842382504 85054485656138464369425301718 158
2787.7599486753584 82547280185237464343044986437 208
2818.0580172101354 77186944522555295128964403096 240
2854.651070332528 34460185826683953127143924384 223
2883.060258282622 92674067060965330893269473280 200
2908.1078641276767 4676703269358731486181562368 1169
3035.4610622751557 16670866074860414044949214152 353
3074.628596135182 35414530507191188017662727064 194
3095.0756816647636 99714561939336772390100908762 206
3117.3744284717104 35535030651140246942801863441 211
3146.8685950345866 41651012597113048987238601625 244
3184.9109372792104 31891605803800066028250834235 253
3212.951023346454 33251961499833039455012513098 411
3247.2136919544955 14922033432789794346049736898 1102
3368.8312120214737 14922033432789794346049736898 224
3417.491952275754 14922033432789794346049736898 232
3443.354541605537 34105138982239831697409983415 211
3467.208453631672 27651926523667265452876325005 176
3487.4597982674695 67288001097633542664964079751 225
3511.298289205483 101808141169666189762854835242 224
3531.781528230032 80953492698225690994153919961 153
3545.8635217404853 88108429002472615576093545438 187
3570.9805418776696 12698192472378309897321348733 255
3602.6204768389084 44475269452606421264291922055 195
3627.1077107912934 72061304147205311040529961881 189
3649.6431500633425 126057072160253532207305838167 182
3669.21158038867 106346906102448589535898501304 324
3715.7512417897315 118920482144868798412084723994 185
3736.9899094880384 119512313024687919334329447073 139
3752.5944100194056 117052247152690395303903853570 214
3773.3136271872636 114982910518054157024171660856 238
3797.8082509948304 15133415558204898555180625852 191
3816.851804341334 11042932353246258996127479407 1198
3952.9515878726265 11042932353246258996127479407 340
3988.831308548435 39636913708240157740396747434 205
4025.3112415897967 9960431162706510416402513867 340
4061.544255576125 67288001097633542664964079751 1268
4202.847204258739 64064575756343117975486493641 329
4254.4200594946815 114403808534455962462179728241 168
4273.858078669024 92181444259170734997876529356 214
4300.812130207157 92181444259170734997876529356 200
4319.727229047764 89514740766378497257896125725 225
4343.352171398105 10172581801381980428544051180 226
4362.724050516373 53358505749117132141139311323 155
4393.949057360355 65032954814927833092147827755 170
4409.2485628830045 84606281506845239461834820568 217
4439.912454368807 2580732117664472858303219764 237
4461.920432350479 2580732117664472858303219764 184
4482.913475381466 52451204307455585148789706326 293
4522.92318588363 10027983810543849013283224579 219
4547.903086321983 57669897290373414665062735970 211
4571.449446906444 25573224088782923586375043476 203
4589.069304854 120107575661249236536667690001 172
4606.74911385964 60289688055679657172213446254 518
4649.446318603352 69091653296347117561807753087 169
4676.639807774195 108029935845947710669462058074 215
4713.674080965562 125205472381336458781284275673 302
4749.8002151221435 52802724604394912417940125183 226
4770.080384920295 30038422253117191919824819217 237
4801.895108075995 63723411200676898987378818995 191
4824.100956447418 135218246478845012759864767065 1173
4937.775186189763 2988334367627318248542598089 347
4968.3918884548475 26659387554626651196296643567 363
5034.550948745262 137543786347806377343140107832 188
5051.992798787084 137543786347806377343140107832 177
5092.506391543337 9960431162706510416402513867 143
5108.12378974701 76087614280996360609549500698 159
5127.600951588729 111128940396348994371434980998 186
5145.906024054144 48949920035732367284645562198 205
5171.055932790362 60289688055679657172213446254 372
5202.222671812423 121668720614438144693745792526 230
5241.482174694486 59610801215867369073029178017 220
5265.267473510054 92682413992789855075138287102 1248
5414.068747743446 114403808534455962462179728241 245
5438.487036922627 114403808534455962462179728241 195
5466.580643492208 71942003557323043001454802271 382
5509.314553529798 30038422253117191919824819217 1045
5613.243022559857 14859368645422606376248836021 212
5649.658872820856 33251961494579051427049225310 223
5680.4348401853895 137177676175438993226552329142 192
5704.765706343387 137177676175438993226552329142 201
5724.502558915562 44601076803675308740710543113 185
5745.316654370899 130092523513554196247578185490 245
5771.24465985314 42189284767520152486985876454 241
5795.058376399813 66810296016519466357810932334 149
5814.961876472913 114688770615541636567472657295 253
5854.174754590013 43611267758436001599792100974 197
5873.981855893729 121617118090987828155953620551 166
5889.898041680039 42711980795838114009569620568 197
5907.381025054964 52762507128729537821246338398 421
5967.299337328509 14922033432789794346049736898 209
5986.467123888419 72853531137588093147989742488 208
6013.823726902847 21888499668563685294254325945 1129
6129.02685423068 21888499668563685294254325945 228
6159.529048158508 13238387373154785692893978512 186
6181.97444681808 14922033432789794346049736898 158
6200.549731990387 14922033432789794346049736898 1146
6329.3405304815005 14922033432789794346049736898 412
6380.026370364633 14922033432789794346049736898 226
6409.333514936536 67288001097633542664964079751 330
6444.829033317301 67288001097633542664964079751 141
6467.41825725719 114403808534455962462179728241 196
6487.633863934251 100803400700690467981664882445 304
6536.281899592423 41829631684584453853210220089 260
6560.472677499356 135218246478845012759864767065 140
6573.3339989266215 31206794194660740479808182695 149
6592.6715878404475 16200956730486968496931869143 177
6614.038130411336 60507535541055620395222807903 391
6648.97832474275 53546885097920313406534457448 427
6693.956753761845 112409081958981151488350647241 1364
6828.03559785784 104892667856668158871855491296 464
6871.184441503642 69024528083707744488379946456 222
6895.160555903027 62443100499835640574313632817 213
6976.3772378016565 10027983784490119851822208043 207
6994.7007970852965 42711980788788024529998443237 217
7017.375438398881 80949617009207164615140608984 222
7050.03016191698 22305886985117394318927257075 163
7068.082434231668 129158864854325074881458350702 226
7095.1660543891485 16632653989982267792107909052 203
7112.475719235626 103845138110412879596418504809 224
7141.724958075889 109885120314457166668995401177 333
7185.355154894185 125693343697607690580788524655 1066
7309.227075870605 79860695287702721361471790578 196
7330.983938365992 92441106536814405432658202031 174
7354.435831644907 129795570812758498142541996704 161